
Datos del calculo: POZO CUADRADO
m =1.660530e-27 kg = 1.000  uma  h = 1.054590e-34 (hbarra)
Paredes del pozo cuadrado: -0.500000 0.500000 angstrom
altura de las paredes 1.000000 eV
Dx: 0.002000 A, no. de puntos calculados de Fi: 1001
Lista la función de onda número: 0
Extremos del calculo: -1.000000, 1.000000 A 
la F. de O. se hace cero (V => infinito) en los extremosLista algunos valores de la diagonal:2+ 2*m*Vi*Dx^2/h^2        
Num  2+alpha     x[i](A)     vi      eV        
=================================================
 0   2.001914 -1.000000e+00 1.913742e-03 1.000000
 100   2.001914 -8.000000e-01 1.913742e-03 1.000000
 200   2.001914 -6.000000e-01 1.913742e-03 1.000000
 300   2.000000 -4.000000e-01 0.000000e+00 0.000000
 400   2.000000 -2.000000e-01 0.000000e+00 0.000000
 500   2.000000 0.000000e+00 0.000000e+00 0.000000
 600   2.000000 2.000000e-01 0.000000e+00 0.000000
 700   2.000000 4.000000e-01 0.000000e+00 0.000000
 800   2.001914 6.000000e-01 1.913742e-03 1.000000
 900   2.001914 8.000000e-01 1.913742e-03 1.000000
 1000   2.001914 1.000000e+00 1.913742e-03 1.000000
Lista 51 primeros AUTOVALORES Y ENERIAS
n  lambda_n    En(eV)    E pozo inf(eV)      E/E0
0   0.000033   0.017245   0.020629   1.000000
1   0.000132   0.068876   0.082516   3.993992
2   0.000296   0.154559   0.185660   8.962584
3   0.000524   0.273642   0.330063  15.868008
4   0.000813   0.424943   0.515723  24.641682
5   0.001160   0.606164   0.742641  35.150315
6   0.001553   0.811700   1.010817  47.069011
7   0.001939   1.013289   1.320250  58.758752
8   0.002061   1.076772   1.670942  62.440038
9   0.002122   1.109006   2.062891  64.309241
10   0.002378   1.242840   2.496098  72.069981
11   0.002538   1.325952   2.970563  76.889490
12   0.002714   1.417918   3.486286  82.222460
13   0.003033   1.584857   4.043267  91.902940
14   0.003286   1.716876   4.641505  99.558482
15   0.003527   1.842810   5.281001 106.861162
16   0.003885   2.030178   5.961755 117.726306
17   0.004242   2.216630   6.683767 128.538308
18   0.004549   2.377134   7.447037 137.845629
19   0.004927   2.574319   8.251564 149.280035
20   0.005368   2.805198   9.097350 162.668257
21   0.005770   3.014956   9.984393 174.831748
22   0.006173   3.225551  10.912694 187.043726
23   0.006656   3.477803  11.882253 201.671377
24   0.007159   3.740814  12.893069 216.922909
25   0.007628   3.986053  13.945144 231.143849
26   0.008129   4.247810  15.038476 246.322678
27   0.008697   4.544565  16.173066 263.530912
28   0.009264   4.840981  17.348914 280.719575
29   0.009812   5.127204  18.566020 297.317131
30   0.010405   5.437032  19.824384 315.283460
31   0.011050   5.774163  21.124005 334.833080
32   0.011686   6.106547  22.464884 354.107417
33   0.012316   6.435596  23.847021 373.188320
34   0.012996   6.790728  25.270416 393.781815
35   0.013716   7.166926  26.735069 415.596799
36   0.014424   7.537196  28.240979 437.068113
37   0.015137   7.909404  29.788148 458.651742
38   0.015899   8.307966  31.376574 481.763622
39   0.016694   8.722974  33.006258 505.829145
40   0.017477   9.132350  34.677200 529.568112
41   0.018271   9.547507  36.389399 553.642318
42   0.019115   9.988302  38.142857 579.203234
43   0.019984  10.442221  39.937572 605.525145
44   0.020843  10.891428  41.773545 631.573818
45   0.021719  11.349165  43.650776 658.117160
46   0.022642  11.831434  45.569265 686.083022
47   0.023586  12.324455  47.529011 714.672431
48   0.024523  12.813902  49.530016 743.054553
49   0.025479  13.313832  51.572278 772.044549
50   0.026481  13.837079  53.655798 802.386659