#_no punto Fi(x_I)  Fi_Vinf, analitica  Potencial(escalado)
 -1.000500	0.000000	0.000000	1.000000
 -0.998500	0.000001	0.000000	1.000000
 -0.996500	0.000001	0.000000	1.000000
 -0.994500	0.000001	0.000000	1.000000
 -0.992500	0.000001	0.000000	1.000000
 -0.990500	0.000002	0.000000	1.000000
 -0.988500	0.000002	0.000000	1.000000
 -0.986500	0.000002	0.000000	1.000000
 -0.984500	0.000003	0.000000	1.000000
 -0.982500	0.000003	0.000000	1.000000
 -0.980500	0.000003	0.000000	1.000000
 -0.978500	0.000004	0.000000	1.000000
 -0.976500	0.000004	0.000000	1.000000
 -0.974500	0.000004	0.000000	1.000000
 -0.972500	0.000005	0.000000	1.000000
 -0.970500	0.000005	0.000000	1.000000
 -0.968500	0.000005	0.000000	1.000000
 -0.966500	0.000006	0.000000	1.000000
 -0.964500	0.000006	0.000000	1.000000
 -0.962500	0.000007	0.000000	1.000000
 -0.960500	0.000007	0.000000	1.000000
 -0.958500	0.000008	0.000000	1.000000
 -0.956500	0.000008	0.000000	1.000000
 -0.954500	0.000008	0.000000	1.000000
 -0.952500	0.000009	0.000000	1.000000
 -0.950500	0.000009	0.000000	1.000000
 -0.948500	0.000010	0.000000	1.000000
 -0.946500	0.000010	0.000000	1.000000
 -0.944500	0.000011	0.000000	1.000000
 -0.942500	0.000012	0.000000	1.000000
 -0.940500	0.000012	0.000000	1.000000
 -0.938500	0.000013	0.000000	1.000000
 -0.936500	0.000013	0.000000	1.000000
 -0.934500	0.000014	0.000000	1.000000
 -0.932500	0.000015	0.000000	1.000000
 -0.930500	0.000015	0.000000	1.000000
 -0.928500	0.000016	0.000000	1.000000
 -0.926500	0.000017	0.000000	1.000000
 -0.924500	0.000018	0.000000	1.000000
 -0.922500	0.000019	0.000000	1.000000
 -0.920500	0.000020	0.000000	1.000000
 -0.918500	0.000020	0.000000	1.000000
 -0.916500	0.000021	0.000000	1.000000
 -0.914500	0.000022	0.000000	1.000000
 -0.912500	0.000023	0.000000	1.000000
 -0.910500	0.000025	0.000000	1.000000
 -0.908500	0.000026	0.000000	1.000000
 -0.906500	0.000027	0.000000	1.000000
 -0.904500	0.000028	0.000000	1.000000
 -0.902500	0.000029	0.000000	1.000000
 -0.900500	0.000031	0.000000	1.000000
 -0.898500	0.000032	0.000000	1.000000
 -0.896500	0.000034	0.000000	1.000000
 -0.894500	0.000035	0.000000	1.000000
 -0.892500	0.000037	0.000000	1.000000
 -0.890500	0.000038	0.000000	1.000000
 -0.888500	0.000040	0.000000	1.000000
 -0.886500	0.000042	0.000000	1.000000
 -0.884500	0.000044	0.000000	1.000000
 -0.882500	0.000046	0.000000	1.000000
 -0.880500	0.000048	0.000000	1.000000
 -0.878500	0.000050	0.000000	1.000000
 -0.876500	0.000052	0.000000	1.000000
 -0.874500	0.000054	0.000000	1.000000
 -0.872500	0.000057	0.000000	1.000000
 -0.870500	0.000059	0.000000	1.000000
 -0.868500	0.000062	0.000000	1.000000
 -0.866500	0.000065	0.000000	1.000000
 -0.864500	0.000068	0.000000	1.000000
 -0.862500	0.000071	0.000000	1.000000
 -0.860500	0.000074	0.000000	1.000000
 -0.858500	0.000077	0.000000	1.000000
 -0.856500	0.000080	0.000000	1.000000
 -0.854500	0.000084	0.000000	1.000000
 -0.852500	0.000088	0.000000	1.000000
 -0.850500	0.000092	0.000000	1.000000
 -0.848500	0.000096	0.000000	1.000000
 -0.846500	0.000100	0.000000	1.000000
 -0.844500	0.000104	0.000000	1.000000
 -0.842500	0.000109	0.000000	1.000000
 -0.840500	0.000114	0.000000	1.000000
 -0.838500	0.000119	0.000000	1.000000
 -0.836500	0.000124	0.000000	1.000000
 -0.834500	0.000130	0.000000	1.000000
 -0.832500	0.000136	0.000000	1.000000
 -0.830500	0.000142	0.000000	1.000000
 -0.828500	0.000148	0.000000	1.000000
 -0.826500	0.000154	0.000000	1.000000
 -0.824500	0.000161	0.000000	1.000000
 -0.822500	0.000168	0.000000	1.000000
 -0.820500	0.000176	0.000000	1.000000
 -0.818500	0.000184	0.000000	1.000000
 -0.816500	0.000192	0.000000	1.000000
 -0.814500	0.000200	0.000000	1.000000
 -0.812500	0.000209	0.000000	1.000000
 -0.810500	0.000219	0.000000	1.000000
 -0.808500	0.000228	0.000000	1.000000
 -0.806500	0.000238	0.000000	1.000000
 -0.804500	0.000249	0.000000	1.000000
 -0.802500	0.000260	0.000000	1.000000
 -0.800500	0.000271	0.000000	1.000000
 -0.798500	0.000283	0.000000	1.000000
 -0.796500	0.000296	0.000000	1.000000
 -0.794500	0.000309	0.000000	1.000000
 -0.792500	0.000323	0.000000	1.000000
 -0.790500	0.000337	0.000000	1.000000
 -0.788500	0.000352	0.000000	1.000000
 -0.786500	0.000368	0.000000	1.000000
 -0.784500	0.000384	0.000000	1.000000
 -0.782500	0.000401	0.000000	1.000000
 -0.780500	0.000419	0.000000	1.000000
 -0.778500	0.000437	0.000000	1.000000
 -0.776500	0.000457	0.000000	1.000000
 -0.774500	0.000477	0.000000	1.000000
 -0.772500	0.000498	0.000000	1.000000
 -0.770500	0.000520	0.000000	1.000000
 -0.768500	0.000543	0.000000	1.000000
 -0.766500	0.000567	0.000000	1.000000
 -0.764500	0.000593	0.000000	1.000000
 -0.762500	0.000619	0.000000	1.000000
 -0.760500	0.000646	0.000000	1.000000
 -0.758500	0.000675	0.000000	1.000000
 -0.756500	0.000705	0.000000	1.000000
 -0.754500	0.000736	0.000000	1.000000
 -0.752500	0.000769	0.000000	1.000000
 -0.750500	0.000803	0.000000	1.000000
 -0.748500	0.000838	0.000000	1.000000
 -0.746500	0.000876	0.000000	1.000000
 -0.744500	0.000914	0.000000	1.000000
 -0.742500	0.000955	0.000000	1.000000
 -0.740500	0.000997	0.000000	1.000000
 -0.738500	0.001041	0.000000	1.000000
 -0.736500	0.001087	0.000000	1.000000
 -0.734500	0.001136	0.000000	1.000000
 -0.732500	0.001186	0.000000	1.000000
 -0.730500	0.001239	0.000000	1.000000
 -0.728500	0.001293	0.000000	1.000000
 -0.726500	0.001351	0.000000	1.000000
 -0.724500	0.001411	0.000000	1.000000
 -0.722500	0.001473	0.000000	1.000000
 -0.720500	0.001538	0.000000	1.000000
 -0.718500	0.001607	0.000000	1.000000
 -0.716500	0.001678	0.000000	1.000000
 -0.714500	0.001752	0.000000	1.000000
 -0.712500	0.001830	0.000000	1.000000
 -0.710500	0.001911	0.000000	1.000000
 -0.708500	0.001996	0.000000	1.000000
 -0.706500	0.002084	0.000000	1.000000
 -0.704500	0.002176	0.000000	1.000000
 -0.702500	0.002273	0.000000	1.000000
 -0.700500	0.002374	0.000000	1.000000
 -0.698500	0.002479	0.000000	1.000000
 -0.696500	0.002589	0.000000	1.000000
 -0.694500	0.002703	0.000000	1.000000
 -0.692500	0.002823	0.000000	1.000000
 -0.690500	0.002948	0.000000	1.000000
 -0.688500	0.003079	0.000000	1.000000
 -0.686500	0.003216	0.000000	1.000000
 -0.684500	0.003358	0.000000	1.000000
 -0.682500	0.003507	0.000000	1.000000
 -0.680500	0.003662	0.000000	1.000000
 -0.678500	0.003825	0.000000	1.000000
 -0.676500	0.003994	0.000000	1.000000
 -0.674500	0.004171	0.000000	1.000000
 -0.672500	0.004356	0.000000	1.000000
 -0.670500	0.004549	0.000000	1.000000
 -0.668500	0.004751	0.000000	1.000000
 -0.666500	0.004961	0.000000	1.000000
 -0.664500	0.005181	0.000000	1.000000
 -0.662500	0.005411	0.000000	1.000000
 -0.660500	0.005650	0.000000	1.000000
 -0.658500	0.005901	0.000000	1.000000
 -0.656500	0.006162	0.000000	1.000000
 -0.654500	0.006435	0.000000	1.000000
 -0.652500	0.006721	0.000000	1.000000
 -0.650500	0.007018	0.000000	1.000000
 -0.648500	0.007329	0.000000	1.000000
 -0.646500	0.007654	0.000000	1.000000
 -0.644500	0.007994	0.000000	1.000000
 -0.642500	0.008348	0.000000	1.000000
 -0.640500	0.008718	0.000000	1.000000
 -0.638500	0.009104	0.000000	1.000000
 -0.636500	0.009508	0.000000	1.000000
 -0.634500	0.009929	0.000000	1.000000
 -0.632500	0.010369	0.000000	1.000000
 -0.630500	0.010829	0.000000	1.000000
 -0.628500	0.011308	0.000000	1.000000
 -0.626500	0.011810	0.000000	1.000000
 -0.624500	0.012333	0.000000	1.000000
 -0.622500	0.012880	0.000000	1.000000
 -0.620500	0.013450	0.000000	1.000000
 -0.618500	0.014046	0.000000	1.000000
 -0.616500	0.014669	0.000000	1.000000
 -0.614500	0.015319	0.000000	1.000000
 -0.612500	0.015998	0.000000	1.000000
 -0.610500	0.016707	0.000000	1.000000
 -0.608500	0.017447	0.000000	1.000000
 -0.606500	0.018221	0.000000	1.000000
 -0.604500	0.019028	0.000000	1.000000
 -0.602500	0.019871	0.000000	1.000000
 -0.600500	0.020752	0.000000	1.000000
 -0.598500	0.021672	0.000000	1.000000
 -0.596500	0.022632	0.000000	1.000000
 -0.594500	0.023635	0.000000	1.000000
 -0.592500	0.024683	0.000000	1.000000
 -0.590500	0.025777	0.000000	1.000000
 -0.588500	0.026919	0.000000	1.000000
 -0.586500	0.028112	0.000000	1.000000
 -0.584500	0.029358	0.000000	1.000000
 -0.582500	0.030659	0.000000	1.000000
 -0.580500	0.032018	0.000000	1.000000
 -0.578500	0.033437	0.000000	1.000000
 -0.576500	0.034918	0.000000	1.000000
 -0.574500	0.036466	0.000000	1.000000
 -0.572500	0.038082	0.000000	1.000000
 -0.570500	0.039770	0.000000	1.000000
 -0.568500	0.041532	0.000000	1.000000
 -0.566500	0.043373	0.000000	1.000000
 -0.564500	0.045295	0.000000	1.000000
 -0.562500	0.047302	0.000000	1.000000
 -0.560500	0.049399	0.000000	1.000000
 -0.558500	0.051588	0.000000	1.000000
 -0.556500	0.053874	0.000000	1.000000
 -0.554500	0.056262	0.000000	1.000000
 -0.552500	0.058755	0.000000	1.000000
 -0.550500	0.061359	0.000000	1.000000
 -0.548500	0.064079	0.000000	1.000000
 -0.546500	0.066919	0.000000	1.000000
 -0.544500	0.069884	0.000000	1.000000
 -0.542500	0.072981	0.000000	1.000000
 -0.540500	0.076216	0.000000	1.000000
 -0.538500	0.079593	0.000000	1.000000
 -0.536500	0.083121	0.000000	1.000000
 -0.534500	0.086805	0.000000	1.000000
 -0.532500	0.090652	0.000000	1.000000
 -0.530500	0.094669	0.000000	1.000000
 -0.528500	0.098865	0.000000	1.000000
 -0.526500	0.103246	0.000000	1.000000
 -0.524500	0.107822	0.000000	1.000000
 -0.522500	0.112600	0.000000	1.000000
 -0.520500	0.117591	0.000000	1.000000
 -0.518500	0.122802	0.000000	1.000000
 -0.516500	0.128244	0.000000	1.000000
 -0.514500	0.133928	0.000000	1.000000
 -0.512500	0.139863	0.000000	1.000000
 -0.510500	0.146062	0.000000	1.000000
 -0.508500	0.152535	0.000000	1.000000
 -0.506500	0.159295	0.000000	1.000000
 -0.504500	0.166355	0.000000	1.000000
 -0.502500	0.173727	0.000000	1.000000
 -0.500500	0.181426	0.000000	1.000000
 -0.498500	0.189120	0.006664	0.000000
 -0.496500	0.196807	0.015550	0.000000
 -0.494500	0.204487	0.024435	0.000000
 -0.492500	0.212161	0.033319	0.000000
 -0.490500	0.219828	0.042201	0.000000
 -0.488500	0.227487	0.051082	0.000000
 -0.486500	0.235139	0.059961	0.000000
 -0.484500	0.242784	0.068837	0.000000
 -0.482500	0.250420	0.077711	0.000000
 -0.480500	0.258048	0.086582	0.000000
 -0.478500	0.265667	0.095449	0.000000
 -0.476500	0.273278	0.104313	0.000000
 -0.474500	0.280880	0.113172	0.000000
 -0.472500	0.288472	0.122027	0.000000
 -0.470500	0.296055	0.130878	0.000000
 -0.468500	0.303628	0.139722	0.000000
 -0.466500	0.311191	0.148562	0.000000
 -0.464500	0.318744	0.157396	0.000000
 -0.462500	0.326286	0.166223	0.000000
 -0.460500	0.333818	0.175044	0.000000
 -0.458500	0.341338	0.183858	0.000000
 -0.456500	0.348848	0.192664	0.000000
 -0.454500	0.356345	0.201463	0.000000
 -0.452500	0.363831	0.210255	0.000000
 -0.450500	0.371305	0.219037	0.000000
 -0.448500	0.378767	0.227812	0.000000
 -0.446500	0.386216	0.236577	0.000000
 -0.444500	0.393653	0.245333	0.000000
 -0.442500	0.401076	0.254079	0.000000
 -0.440500	0.408486	0.262815	0.000000
 -0.438500	0.415883	0.271541	0.000000
 -0.436500	0.423266	0.280256	0.000000
 -0.434500	0.430635	0.288959	0.000000
 -0.432500	0.437990	0.297652	0.000000
 -0.430500	0.445331	0.306333	0.000000
 -0.428500	0.452656	0.315002	0.000000
 -0.426500	0.459967	0.323658	0.000000
 -0.424500	0.467263	0.332301	0.000000
 -0.422500	0.474543	0.340932	0.000000
 -0.420500	0.481807	0.349549	0.000000
 -0.418500	0.489056	0.358152	0.000000
 -0.416500	0.496288	0.366741	0.000000
 -0.414500	0.503504	0.375315	0.000000
 -0.412500	0.510704	0.383875	0.000000
 -0.410500	0.517887	0.392419	0.000000
 -0.408500	0.525052	0.400948	0.000000
 -0.406500	0.532200	0.409462	0.000000
 -0.404500	0.539331	0.417959	0.000000
 -0.402500	0.546444	0.426439	0.000000
 -0.400500	0.553539	0.434903	0.000000
 -0.398500	0.560615	0.443349	0.000000
 -0.396500	0.567673	0.451778	0.000000
 -0.394500	0.574712	0.460190	0.000000
 -0.392500	0.581733	0.468583	0.000000
 -0.390500	0.588734	0.476957	0.000000
 -0.388500	0.595716	0.485313	0.000000
 -0.386500	0.602678	0.493649	0.000000
 -0.384500	0.609620	0.501966	0.000000
 -0.382500	0.616542	0.510264	0.000000
 -0.380500	0.623443	0.518541	0.000000
 -0.378500	0.630325	0.526797	0.000000
 -0.376500	0.637185	0.535033	0.000000
 -0.374500	0.644024	0.543248	0.000000
 -0.372500	0.650842	0.551441	0.000000
 -0.370500	0.657639	0.559613	0.000000
 -0.368500	0.664414	0.567762	0.000000
 -0.366500	0.671166	0.575889	0.000000
 -0.364500	0.677897	0.583993	0.000000
 -0.362500	0.684606	0.592074	0.000000
 -0.360500	0.691291	0.600132	0.000000
 -0.358500	0.697954	0.608166	0.000000
 -0.356500	0.704594	0.616176	0.000000
 -0.354500	0.711211	0.624162	0.000000
 -0.352500	0.717804	0.632123	0.000000
 -0.350500	0.724374	0.640059	0.000000
 -0.348500	0.730919	0.647970	0.000000
 -0.346500	0.737441	0.655856	0.000000
 -0.344500	0.743938	0.663715	0.000000
 -0.342500	0.750411	0.671548	0.000000
 -0.340500	0.756859	0.679355	0.000000
 -0.338500	0.763282	0.687135	0.000000
 -0.336500	0.769679	0.694888	0.000000
 -0.334500	0.776051	0.702613	0.000000
 -0.332500	0.782398	0.710311	0.000000
 -0.330500	0.788719	0.717980	0.000000
 -0.328500	0.795014	0.725622	0.000000
 -0.326500	0.801282	0.733234	0.000000
 -0.324500	0.807525	0.740818	0.000000
 -0.322500	0.813740	0.748372	0.000000
 -0.320500	0.819929	0.755897	0.000000
 -0.318500	0.826090	0.763392	0.000000
 -0.316500	0.832225	0.770857	0.000000
 -0.314500	0.838331	0.778291	0.000000
 -0.312500	0.844411	0.785695	0.000000
 -0.310500	0.850462	0.793068	0.000000
 -0.308500	0.856485	0.800409	0.000000
 -0.306500	0.862480	0.807719	0.000000
 -0.304500	0.868447	0.814997	0.000000
 -0.302500	0.874385	0.822242	0.000000
 -0.300500	0.880294	0.829456	0.000000
 -0.298500	0.886174	0.836636	0.000000
 -0.296500	0.892024	0.843784	0.000000
 -0.294500	0.897845	0.850898	0.000000
 -0.292500	0.903637	0.857978	0.000000
 -0.290500	0.909399	0.865025	0.000000
 -0.288500	0.915131	0.872038	0.000000
 -0.286500	0.920832	0.879016	0.000000
 -0.284500	0.926504	0.885959	0.000000
 -0.282500	0.932144	0.892868	0.000000
 -0.280500	0.937754	0.899741	0.000000
 -0.278500	0.943333	0.906579	0.000000
 -0.276500	0.948881	0.913380	0.000000
 -0.274500	0.954397	0.920146	0.000000
 -0.272500	0.959882	0.926876	0.000000
 -0.270500	0.965335	0.933569	0.000000
 -0.268500	0.970757	0.940225	0.000000
 -0.266500	0.976146	0.946844	0.000000
 -0.264500	0.981504	0.953425	0.000000
 -0.262500	0.986828	0.959969	0.000000
 -0.260500	0.992121	0.966475	0.000000
 -0.258500	0.997380	0.972943	0.000000
 -0.256500	1.002607	0.979373	0.000000
 -0.254500	1.007800	0.985763	0.000000
 -0.252500	1.012960	0.992115	0.000000
 -0.250500	1.018087	0.998428	0.000000
 -0.248500	1.023180	1.004701	0.000000
 -0.246500	1.028240	1.010935	0.000000
 -0.244500	1.033265	1.017129	0.000000
 -0.242500	1.038257	1.023282	0.000000
 -0.240500	1.043214	1.029395	0.000000
 -0.238500	1.048136	1.035468	0.000000
 -0.236500	1.053025	1.041500	0.000000
 -0.234500	1.057878	1.047490	0.000000
 -0.232500	1.062696	1.053439	0.000000
 -0.230500	1.067480	1.059347	0.000000
 -0.228500	1.072228	1.065213	0.000000
 -0.226500	1.076941	1.071036	0.000000
 -0.224500	1.081618	1.076818	0.000000
 -0.222500	1.086259	1.082557	0.000000
 -0.220500	1.090865	1.088253	0.000000
 -0.218500	1.095435	1.093906	0.000000
 -0.216500	1.099968	1.099516	0.000000
 -0.214500	1.104465	1.105083	0.000000
 -0.212500	1.108926	1.110606	0.000000
 -0.210500	1.113350	1.116085	0.000000
 -0.208500	1.117738	1.121520	0.000000
 -0.206500	1.122088	1.126911	0.000000
 -0.204500	1.126402	1.132257	0.000000
 -0.202500	1.130678	1.137559	0.000000
 -0.200500	1.134917	1.142816	0.000000
 -0.198500	1.139119	1.148027	0.000000
 -0.196500	1.143283	1.153194	0.000000
 -0.194500	1.147409	1.158314	0.000000
 -0.192500	1.151497	1.163389	0.000000
 -0.190500	1.155548	1.168418	0.000000
 -0.188500	1.159560	1.173401	0.000000
 -0.186500	1.163534	1.178338	0.000000
 -0.184500	1.167469	1.183228	0.000000
 -0.182500	1.171366	1.188072	0.000000
 -0.180500	1.175225	1.192868	0.000000
 -0.178500	1.179044	1.197618	0.000000
 -0.176500	1.182825	1.202320	0.000000
 -0.174500	1.186567	1.206974	0.000000
 -0.172500	1.190269	1.211582	0.000000
 -0.170500	1.193932	1.216141	0.000000
 -0.168500	1.197556	1.220652	0.000000
 -0.166500	1.201140	1.225115	0.000000
 -0.164500	1.204685	1.229530	0.000000
 -0.162500	1.208190	1.233896	0.000000
 -0.160500	1.211655	1.238213	0.000000
 -0.158500	1.215080	1.242482	0.000000
 -0.156500	1.218465	1.246701	0.000000
 -0.154500	1.221810	1.250871	0.000000
 -0.152500	1.225114	1.254992	0.000000
 -0.150500	1.228378	1.259063	0.000000
 -0.148500	1.231601	1.263085	0.000000
 -0.146500	1.234784	1.267057	0.000000
 -0.144500	1.237926	1.270979	0.000000
 -0.142500	1.241027	1.274850	0.000000
 -0.140500	1.244088	1.278671	0.000000
 -0.138500	1.247107	1.282442	0.000000
 -0.136500	1.250085	1.286162	0.000000
 -0.134500	1.253021	1.289831	0.000000
 -0.132500	1.255917	1.293450	0.000000
 -0.130500	1.258771	1.297017	0.000000
 -0.128500	1.261583	1.300533	0.000000
 -0.126500	1.264354	1.303998	0.000000
 -0.124500	1.267083	1.307411	0.000000
 -0.122500	1.269770	1.310773	0.000000
 -0.120500	1.272415	1.314083	0.000000
 -0.118500	1.275019	1.317341	0.000000
 -0.116500	1.277580	1.320547	0.000000
 -0.114500	1.280099	1.323701	0.000000
 -0.112500	1.282576	1.326803	0.000000
 -0.110500	1.285010	1.329852	0.000000
 -0.108500	1.287403	1.332849	0.000000
 -0.106500	1.289752	1.335793	0.000000
 -0.104500	1.292059	1.338685	0.000000
 -0.102500	1.294324	1.341523	0.000000
 -0.100500	1.296545	1.344309	0.000000
 -0.098500	1.298724	1.347041	0.000000
 -0.096500	1.300860	1.349721	0.000000
 -0.094500	1.302953	1.352347	0.000000
 -0.092500	1.305003	1.354920	0.000000
 -0.090500	1.307010	1.357439	0.000000
 -0.088500	1.308974	1.359905	0.000000
 -0.086500	1.310895	1.362317	0.000000
 -0.084500	1.312772	1.364675	0.000000
 -0.082500	1.314607	1.366979	0.000000
 -0.080500	1.316397	1.369229	0.000000
 -0.078500	1.318145	1.371426	0.000000
 -0.076500	1.319848	1.373568	0.000000
 -0.074500	1.321509	1.375656	0.000000
 -0.072500	1.323125	1.377689	0.000000
 -0.070500	1.324698	1.379668	0.000000
 -0.068500	1.326227	1.381593	0.000000
 -0.066500	1.327713	1.383463	0.000000
 -0.064500	1.329155	1.385279	0.000000
 -0.062500	1.330552	1.387040	0.000000
 -0.060500	1.331906	1.388746	0.000000
 -0.058500	1.333216	1.390397	0.000000
 -0.056500	1.334482	1.391994	0.000000
 -0.054500	1.335704	1.393535	0.000000
 -0.052500	1.336882	1.395022	0.000000
 -0.050500	1.338015	1.396453	0.000000
 -0.048500	1.339105	1.397829	0.000000
 -0.046500	1.340150	1.399150	0.000000
 -0.044500	1.341151	1.400416	0.000000
 -0.042500	1.342108	1.401627	0.000000
 -0.040500	1.343021	1.402782	0.000000
 -0.038500	1.343889	1.403882	0.000000
 -0.036500	1.344713	1.404926	0.000000
 -0.034500	1.345492	1.405915	0.000000
 -0.032500	1.346227	1.406849	0.000000
 -0.030500	1.346918	1.407726	0.000000
 -0.028500	1.347564	1.408549	0.000000
 -0.026500	1.348166	1.409315	0.000000
 -0.024500	1.348723	1.410027	0.000000
 -0.022500	1.349236	1.410682	0.000000
 -0.020500	1.349704	1.411282	0.000000
 -0.018500	1.350128	1.411826	0.000000
 -0.016500	1.350507	1.412314	0.000000
 -0.014500	1.350841	1.412747	0.000000
 -0.012500	1.351131	1.413123	0.000000
 -0.010500	1.351377	1.413444	0.000000
 -0.008500	1.351577	1.413709	0.000000
 -0.006500	1.351733	1.413919	0.000000
 -0.004500	1.351845	1.414072	0.000000
 -0.002500	1.351912	1.414170	0.000000
 -0.000500	1.351934	1.414212	0.000000
 0.001500	1.351912	1.414198	0.000000
 0.003500	1.351845	1.414128	0.000000
 0.005500	1.351733	1.414002	0.000000
 0.007500	1.351577	1.413821	0.000000
 0.009500	1.351377	1.413584	0.000000
 0.011500	1.351131	1.413291	0.000000
 0.013500	1.350841	1.412942	0.000000
 0.015500	1.350507	1.412537	0.000000
 0.017500	1.350128	1.412077	0.000000
 0.019500	1.349704	1.411561	0.000000
 0.021500	1.349236	1.410989	0.000000
 0.023500	1.348723	1.410361	0.000000
 0.025500	1.348166	1.409678	0.000000
 0.027500	1.347564	1.408939	0.000000
 0.029500	1.346918	1.408145	0.000000
 0.031500	1.346227	1.407294	0.000000
 0.033500	1.345492	1.406389	0.000000
 0.035500	1.344713	1.405428	0.000000
 0.037500	1.343889	1.404411	0.000000
 0.039500	1.343021	1.403339	0.000000
 0.041500	1.342108	1.402211	0.000000
 0.043500	1.341151	1.401028	0.000000
 0.045500	1.340150	1.399790	0.000000
 0.047500	1.339105	1.398497	0.000000
 0.049500	1.338015	1.397148	0.000000
 0.051500	1.336882	1.395744	0.000000
 0.053500	1.335704	1.394285	0.000000
 0.055500	1.334482	1.392771	0.000000
 0.057500	1.333216	1.391202	0.000000
 0.059500	1.331906	1.389578	0.000000
 0.061500	1.330552	1.387900	0.000000
 0.063500	1.329155	1.386166	0.000000
 0.065500	1.327713	1.384378	0.000000
 0.067500	1.326227	1.382535	0.000000
 0.069500	1.324698	1.380638	0.000000
 0.071500	1.323125	1.378686	0.000000
 0.073500	1.321509	1.376679	0.000000
 0.075500	1.319848	1.374618	0.000000
 0.077500	1.318145	1.372503	0.000000
 0.079500	1.316397	1.370334	0.000000
 0.081500	1.314607	1.368111	0.000000
 0.083500	1.312772	1.365834	0.000000
 0.085500	1.310895	1.363502	0.000000
 0.087500	1.308974	1.361117	0.000000
 0.089500	1.307010	1.358678	0.000000
 0.091500	1.305003	1.356186	0.000000
 0.093500	1.302953	1.353640	0.000000
 0.095500	1.300860	1.351041	0.000000
 0.097500	1.298724	1.348388	0.000000
 0.099500	1.296545	1.345682	0.000000
 0.101500	1.294324	1.342923	0.000000
 0.103500	1.292059	1.340111	0.000000
 0.105500	1.289752	1.337246	0.000000
 0.107500	1.287403	1.334328	0.000000
 0.109500	1.285010	1.331357	0.000000
 0.111500	1.282576	1.328334	0.000000
 0.113500	1.280099	1.325259	0.000000
 0.115500	1.277580	1.322131	0.000000
 0.117500	1.275019	1.318951	0.000000
 0.119500	1.272415	1.315719	0.000000
 0.121500	1.269770	1.312435	0.000000
 0.123500	1.267083	1.309099	0.000000
 0.125500	1.264354	1.305711	0.000000
 0.127500	1.261583	1.302272	0.000000
 0.129500	1.258771	1.298782	0.000000
 0.131500	1.255917	1.295240	0.000000
 0.133500	1.253021	1.291647	0.000000
 0.135500	1.250085	1.288003	0.000000
 0.137500	1.247107	1.284308	0.000000
 0.139500	1.244088	1.280563	0.000000
 0.141500	1.241027	1.276767	0.000000
 0.143500	1.237926	1.272921	0.000000
 0.145500	1.234784	1.269024	0.000000
 0.147500	1.231601	1.265077	0.000000
 0.149500	1.228378	1.261080	0.000000
 0.151500	1.225114	1.257034	0.000000
 0.153500	1.221810	1.252938	0.000000
 0.155500	1.218465	1.248792	0.000000
 0.157500	1.215080	1.244597	0.000000
 0.159500	1.211655	1.240353	0.000000
 0.161500	1.208190	1.236060	0.000000
 0.163500	1.204685	1.231719	0.000000
 0.165500	1.201140	1.227328	0.000000
 0.167500	1.197556	1.222889	0.000000
 0.169500	1.193932	1.218402	0.000000
 0.171500	1.190269	1.213867	0.000000
 0.173500	1.186567	1.209284	0.000000
 0.175500	1.182825	1.204653	0.000000
 0.177500	1.179044	1.199975	0.000000
 0.179500	1.175225	1.195249	0.000000
 0.181500	1.171366	1.190476	0.000000
 0.183500	1.167469	1.185656	0.000000
 0.185500	1.163534	1.180789	0.000000
 0.187500	1.159560	1.175876	0.000000
 0.189500	1.155548	1.170916	0.000000
 0.191500	1.151497	1.165910	0.000000
 0.193500	1.147409	1.160858	0.000000
 0.195500	1.143283	1.155760	0.000000
 0.197500	1.139119	1.150616	0.000000
 0.199500	1.134917	1.145427	0.000000
 0.201500	1.130678	1.140193	0.000000
 0.203500	1.126402	1.134914	0.000000
 0.205500	1.122088	1.129590	0.000000
 0.207500	1.117738	1.124221	0.000000
 0.209500	1.113350	1.118808	0.000000
 0.211500	1.108926	1.113351	0.000000
 0.213500	1.104465	1.107850	0.000000
 0.215500	1.099968	1.102305	0.000000
 0.217500	1.095435	1.096717	0.000000
 0.219500	1.090865	1.091085	0.000000
 0.221500	1.086259	1.085410	0.000000
 0.223500	1.081618	1.079693	0.000000
 0.225500	1.076941	1.073932	0.000000
 0.227500	1.072228	1.068130	0.000000
 0.229500	1.067480	1.062285	0.000000
 0.231500	1.062696	1.056398	0.000000
 0.233500	1.057878	1.050470	0.000000
 0.235500	1.053025	1.044500	0.000000
 0.237500	1.048136	1.038489	0.000000
 0.239500	1.043214	1.032437	0.000000
 0.241500	1.038257	1.026344	0.000000
 0.243500	1.033265	1.020210	0.000000
 0.245500	1.028240	1.014037	0.000000
 0.247500	1.023180	1.007823	0.000000
 0.249500	1.018087	1.001570	0.000000
 0.251500	1.012960	0.995277	0.000000
 0.253500	1.007800	0.988944	0.000000
 0.255500	1.002607	0.982573	0.000000
 0.257500	0.997380	0.976163	0.000000
 0.259500	0.992121	0.969714	0.000000
 0.261500	0.986828	0.963227	0.000000
 0.263500	0.981504	0.956702	0.000000
 0.265500	0.976146	0.950139	0.000000
 0.267500	0.970757	0.943539	0.000000
 0.269500	0.965335	0.936901	0.000000
 0.271500	0.959882	0.930227	0.000000
 0.273500	0.954397	0.923516	0.000000
 0.275500	0.948881	0.916768	0.000000
 0.277500	0.943333	0.909984	0.000000
 0.279500	0.937754	0.903164	0.000000
 0.281500	0.932144	0.896309	0.000000
 0.283500	0.926504	0.889418	0.000000
 0.285500	0.920832	0.882492	0.000000
 0.287500	0.915131	0.875531	0.000000
 0.289500	0.909399	0.868536	0.000000
 0.291500	0.903637	0.861506	0.000000
 0.293500	0.897845	0.854442	0.000000
 0.295500	0.892024	0.847345	0.000000
 0.297500	0.886174	0.840214	0.000000
 0.299500	0.880294	0.833050	0.000000
 0.301500	0.874385	0.825853	0.000000
 0.303500	0.868447	0.818624	0.000000
 0.305500	0.862480	0.811362	0.000000
 0.307500	0.856485	0.804068	0.000000
 0.309500	0.850462	0.796742	0.000000
 0.311500	0.844411	0.789385	0.000000
 0.313500	0.838331	0.781997	0.000000
 0.315500	0.832225	0.774578	0.000000
 0.317500	0.826090	0.767128	0.000000
 0.319500	0.819929	0.759648	0.000000
 0.321500	0.813740	0.752138	0.000000
 0.323500	0.807525	0.744599	0.000000
 0.325500	0.801282	0.737030	0.000000
 0.327500	0.795014	0.729431	0.000000
 0.329500	0.788719	0.721804	0.000000
 0.331500	0.782398	0.714149	0.000000
 0.333500	0.776051	0.706465	0.000000
 0.335500	0.769679	0.698754	0.000000
 0.337500	0.763282	0.691015	0.000000
 0.339500	0.756859	0.683248	0.000000
 0.341500	0.750411	0.675455	0.000000
 0.343500	0.743938	0.667635	0.000000
 0.345500	0.737441	0.659789	0.000000
 0.347500	0.730919	0.651916	0.000000
 0.349500	0.724374	0.644018	0.000000
 0.351500	0.717804	0.636094	0.000000
 0.353500	0.711211	0.628146	0.000000
 0.355500	0.704594	0.620172	0.000000
 0.357500	0.697954	0.612174	0.000000
 0.359500	0.691291	0.604152	0.000000
 0.361500	0.684606	0.596106	0.000000
 0.363500	0.677897	0.588037	0.000000
 0.365500	0.671166	0.579944	0.000000
 0.367500	0.664414	0.571828	0.000000
 0.369500	0.657639	0.563690	0.000000
 0.371500	0.650842	0.555530	0.000000
 0.373500	0.644024	0.547347	0.000000
 0.375500	0.637185	0.539143	0.000000
 0.377500	0.630325	0.530918	0.000000
 0.379500	0.623443	0.522672	0.000000
 0.381500	0.616542	0.514405	0.000000
 0.383500	0.609620	0.506117	0.000000
 0.385500	0.602678	0.497810	0.000000
 0.387500	0.595716	0.489483	0.000000
 0.389500	0.588734	0.481137	0.000000
 0.391500	0.581733	0.472772	0.000000
 0.393500	0.574712	0.464388	0.000000
 0.395500	0.567673	0.455986	0.000000
 0.397500	0.560615	0.447566	0.000000
 0.399500	0.553539	0.439128	0.000000
 0.401500	0.546444	0.430673	0.000000
 0.403500	0.539331	0.422201	0.000000
 0.405500	0.532200	0.413712	0.000000
 0.407500	0.525052	0.405207	0.000000
 0.409500	0.517887	0.396686	0.000000
 0.411500	0.510704	0.388149	0.000000
 0.413500	0.503504	0.379597	0.000000
 0.415500	0.496288	0.371030	0.000000
 0.417500	0.489056	0.362448	0.000000
 0.419500	0.481807	0.353852	0.000000
 0.421500	0.474543	0.345242	0.000000
 0.423500	0.467263	0.336618	0.000000
 0.425500	0.459967	0.327981	0.000000
 0.427500	0.452656	0.319331	0.000000
 0.429500	0.445331	0.310669	0.000000
 0.431500	0.437990	0.301994	0.000000
 0.433500	0.430635	0.293307	0.000000
 0.435500	0.423266	0.284609	0.000000
 0.437500	0.415883	0.275899	0.000000
 0.439500	0.408486	0.267179	0.000000
 0.441500	0.401076	0.258448	0.000000
 0.443500	0.393653	0.249707	0.000000
 0.445500	0.386216	0.240956	0.000000
 0.447500	0.378767	0.232195	0.000000
 0.449500	0.371305	0.223426	0.000000
 0.451500	0.363831	0.214647	0.000000
 0.453500	0.356345	0.205860	0.000000
 0.455500	0.348848	0.197065	0.000000
 0.457500	0.341338	0.188262	0.000000
 0.459500	0.333818	0.179452	0.000000
 0.461500	0.326286	0.170634	0.000000
 0.463500	0.318744	0.161810	0.000000
 0.465500	0.311191	0.152980	0.000000
 0.467500	0.303628	0.144143	0.000000
 0.469500	0.296055	0.135301	0.000000
 0.471500	0.288472	0.126453	0.000000
 0.473500	0.280880	0.117600	0.000000
 0.475500	0.273278	0.108743	0.000000
 0.477500	0.265667	0.099882	0.000000
 0.479500	0.258048	0.091016	0.000000
 0.481500	0.250420	0.082147	0.000000
 0.483500	0.242784	0.073275	0.000000
 0.485500	0.235139	0.064400	0.000000
 0.487500	0.227487	0.055522	0.000000
 0.489500	0.219828	0.046642	0.000000
 0.491500	0.212161	0.037760	0.000000
 0.493500	0.204487	0.028877	0.000000
 0.495500	0.196807	0.019992	0.000000
 0.497500	0.189120	0.011107	0.000000
 0.499500	0.181426	0.002221	0.000000
 0.501500	0.173727	0.000000	1.000000
 0.503500	0.166355	0.000000	1.000000
 0.505500	0.159295	0.000000	1.000000
 0.507500	0.152535	0.000000	1.000000
 0.509500	0.146062	0.000000	1.000000
 0.511500	0.139863	0.000000	1.000000
 0.513500	0.133928	0.000000	1.000000
 0.515500	0.128244	0.000000	1.000000
 0.517500	0.122802	0.000000	1.000000
 0.519500	0.117591	0.000000	1.000000
 0.521500	0.112600	0.000000	1.000000
 0.523500	0.107822	0.000000	1.000000
 0.525500	0.103246	0.000000	1.000000
 0.527500	0.098865	0.000000	1.000000
 0.529500	0.094669	0.000000	1.000000
 0.531500	0.090652	0.000000	1.000000
 0.533500	0.086805	0.000000	1.000000
 0.535500	0.083121	0.000000	1.000000
 0.537500	0.079593	0.000000	1.000000
 0.539500	0.076216	0.000000	1.000000
 0.541500	0.072981	0.000000	1.000000
 0.543500	0.069884	0.000000	1.000000
 0.545500	0.066919	0.000000	1.000000
 0.547500	0.064079	0.000000	1.000000
 0.549500	0.061359	0.000000	1.000000
 0.551500	0.058755	0.000000	1.000000
 0.553500	0.056262	0.000000	1.000000
 0.555500	0.053874	0.000000	1.000000
 0.557500	0.051588	0.000000	1.000000
 0.559500	0.049399	0.000000	1.000000
 0.561500	0.047302	0.000000	1.000000
 0.563500	0.045295	0.000000	1.000000
 0.565500	0.043373	0.000000	1.000000
 0.567500	0.041532	0.000000	1.000000
 0.569500	0.039770	0.000000	1.000000
 0.571500	0.038082	0.000000	1.000000
 0.573500	0.036466	0.000000	1.000000
 0.575500	0.034918	0.000000	1.000000
 0.577500	0.033437	0.000000	1.000000
 0.579500	0.032018	0.000000	1.000000
 0.581500	0.030659	0.000000	1.000000
 0.583500	0.029358	0.000000	1.000000
 0.585500	0.028112	0.000000	1.000000
 0.587500	0.026919	0.000000	1.000000
 0.589500	0.025777	0.000000	1.000000
 0.591500	0.024683	0.000000	1.000000
 0.593500	0.023635	0.000000	1.000000
 0.595500	0.022632	0.000000	1.000000
 0.597500	0.021672	0.000000	1.000000
 0.599500	0.020752	0.000000	1.000000
 0.601500	0.019871	0.000000	1.000000
 0.603500	0.019028	0.000000	1.000000
 0.605500	0.018221	0.000000	1.000000
 0.607500	0.017447	0.000000	1.000000
 0.609500	0.016707	0.000000	1.000000
 0.611500	0.015998	0.000000	1.000000
 0.613500	0.015319	0.000000	1.000000
 0.615500	0.014669	0.000000	1.000000
 0.617500	0.014046	0.000000	1.000000
 0.619500	0.013450	0.000000	1.000000
 0.621500	0.012880	0.000000	1.000000
 0.623500	0.012333	0.000000	1.000000
 0.625500	0.011810	0.000000	1.000000
 0.627500	0.011308	0.000000	1.000000
 0.629500	0.010829	0.000000	1.000000
 0.631500	0.010369	0.000000	1.000000
 0.633500	0.009929	0.000000	1.000000
 0.635500	0.009508	0.000000	1.000000
 0.637500	0.009104	0.000000	1.000000
 0.639500	0.008718	0.000000	1.000000
 0.641500	0.008348	0.000000	1.000000
 0.643500	0.007994	0.000000	1.000000
 0.645500	0.007654	0.000000	1.000000
 0.647500	0.007329	0.000000	1.000000
 0.649500	0.007018	0.000000	1.000000
 0.651500	0.006721	0.000000	1.000000
 0.653500	0.006435	0.000000	1.000000
 0.655500	0.006162	0.000000	1.000000
 0.657500	0.005901	0.000000	1.000000
 0.659500	0.005650	0.000000	1.000000
 0.661500	0.005411	0.000000	1.000000
 0.663500	0.005181	0.000000	1.000000
 0.665500	0.004961	0.000000	1.000000
 0.667500	0.004751	0.000000	1.000000
 0.669500	0.004549	0.000000	1.000000
 0.671500	0.004356	0.000000	1.000000
 0.673500	0.004171	0.000000	1.000000
 0.675500	0.003994	0.000000	1.000000
 0.677500	0.003825	0.000000	1.000000
 0.679500	0.003662	0.000000	1.000000
 0.681500	0.003507	0.000000	1.000000
 0.683500	0.003358	0.000000	1.000000
 0.685500	0.003216	0.000000	1.000000
 0.687500	0.003079	0.000000	1.000000
 0.689500	0.002948	0.000000	1.000000
 0.691500	0.002823	0.000000	1.000000
 0.693500	0.002703	0.000000	1.000000
 0.695500	0.002589	0.000000	1.000000
 0.697500	0.002479	0.000000	1.000000
 0.699500	0.002374	0.000000	1.000000
 0.701500	0.002273	0.000000	1.000000
 0.703500	0.002176	0.000000	1.000000
 0.705500	0.002084	0.000000	1.000000
 0.707500	0.001996	0.000000	1.000000
 0.709500	0.001911	0.000000	1.000000
 0.711500	0.001830	0.000000	1.000000
 0.713500	0.001752	0.000000	1.000000
 0.715500	0.001678	0.000000	1.000000
 0.717500	0.001607	0.000000	1.000000
 0.719500	0.001538	0.000000	1.000000
 0.721500	0.001473	0.000000	1.000000
 0.723500	0.001411	0.000000	1.000000
 0.725500	0.001351	0.000000	1.000000
 0.727500	0.001293	0.000000	1.000000
 0.729500	0.001239	0.000000	1.000000
 0.731500	0.001186	0.000000	1.000000
 0.733500	0.001136	0.000000	1.000000
 0.735500	0.001087	0.000000	1.000000
 0.737500	0.001041	0.000000	1.000000
 0.739500	0.000997	0.000000	1.000000
 0.741500	0.000955	0.000000	1.000000
 0.743500	0.000914	0.000000	1.000000
 0.745500	0.000876	0.000000	1.000000
 0.747500	0.000838	0.000000	1.000000
 0.749500	0.000803	0.000000	1.000000
 0.751500	0.000769	0.000000	1.000000
 0.753500	0.000736	0.000000	1.000000
 0.755500	0.000705	0.000000	1.000000
 0.757500	0.000675	0.000000	1.000000
 0.759500	0.000646	0.000000	1.000000
 0.761500	0.000619	0.000000	1.000000
 0.763500	0.000593	0.000000	1.000000
 0.765500	0.000567	0.000000	1.000000
 0.767500	0.000543	0.000000	1.000000
 0.769500	0.000520	0.000000	1.000000
 0.771500	0.000498	0.000000	1.000000
 0.773500	0.000477	0.000000	1.000000
 0.775500	0.000457	0.000000	1.000000
 0.777500	0.000437	0.000000	1.000000
 0.779500	0.000419	0.000000	1.000000
 0.781500	0.000401	0.000000	1.000000
 0.783500	0.000384	0.000000	1.000000
 0.785500	0.000368	0.000000	1.000000
 0.787500	0.000352	0.000000	1.000000
 0.789500	0.000337	0.000000	1.000000
 0.791500	0.000323	0.000000	1.000000
 0.793500	0.000309	0.000000	1.000000
 0.795500	0.000296	0.000000	1.000000
 0.797500	0.000283	0.000000	1.000000
 0.799500	0.000271	0.000000	1.000000
 0.801500	0.000260	0.000000	1.000000
 0.803500	0.000249	0.000000	1.000000
 0.805500	0.000238	0.000000	1.000000
 0.807500	0.000228	0.000000	1.000000
 0.809500	0.000219	0.000000	1.000000
 0.811500	0.000209	0.000000	1.000000
 0.813500	0.000200	0.000000	1.000000
 0.815500	0.000192	0.000000	1.000000
 0.817500	0.000184	0.000000	1.000000
 0.819500	0.000176	0.000000	1.000000
 0.821500	0.000168	0.000000	1.000000
 0.823500	0.000161	0.000000	1.000000
 0.825500	0.000154	0.000000	1.000000
 0.827500	0.000148	0.000000	1.000000
 0.829500	0.000142	0.000000	1.000000
 0.831500	0.000136	0.000000	1.000000
 0.833500	0.000130	0.000000	1.000000
 0.835500	0.000124	0.000000	1.000000
 0.837500	0.000119	0.000000	1.000000
 0.839500	0.000114	0.000000	1.000000
 0.841500	0.000109	0.000000	1.000000
 0.843500	0.000104	0.000000	1.000000
 0.845500	0.000100	0.000000	1.000000
 0.847500	0.000096	0.000000	1.000000
 0.849500	0.000092	0.000000	1.000000
 0.851500	0.000088	0.000000	1.000000
 0.853500	0.000084	0.000000	1.000000
 0.855500	0.000080	0.000000	1.000000
 0.857500	0.000077	0.000000	1.000000
 0.859500	0.000074	0.000000	1.000000
 0.861500	0.000071	0.000000	1.000000
 0.863500	0.000068	0.000000	1.000000
 0.865500	0.000065	0.000000	1.000000
 0.867500	0.000062	0.000000	1.000000
 0.869500	0.000059	0.000000	1.000000
 0.871500	0.000057	0.000000	1.000000
 0.873500	0.000054	0.000000	1.000000
 0.875500	0.000052	0.000000	1.000000
 0.877500	0.000050	0.000000	1.000000
 0.879500	0.000048	0.000000	1.000000
 0.881500	0.000046	0.000000	1.000000
 0.883500	0.000044	0.000000	1.000000
 0.885500	0.000042	0.000000	1.000000
 0.887500	0.000040	0.000000	1.000000
 0.889500	0.000038	0.000000	1.000000
 0.891500	0.000037	0.000000	1.000000
 0.893500	0.000035	0.000000	1.000000
 0.895500	0.000034	0.000000	1.000000
 0.897500	0.000032	0.000000	1.000000
 0.899500	0.000031	0.000000	1.000000
 0.901500	0.000029	0.000000	1.000000
 0.903500	0.000028	0.000000	1.000000
 0.905500	0.000027	0.000000	1.000000
 0.907500	0.000026	0.000000	1.000000
 0.909500	0.000025	0.000000	1.000000
 0.911500	0.000023	0.000000	1.000000
 0.913500	0.000022	0.000000	1.000000
 0.915500	0.000021	0.000000	1.000000
 0.917500	0.000020	0.000000	1.000000
 0.919500	0.000020	0.000000	1.000000
 0.921500	0.000019	0.000000	1.000000
 0.923500	0.000018	0.000000	1.000000
 0.925500	0.000017	0.000000	1.000000
 0.927500	0.000016	0.000000	1.000000
 0.929500	0.000015	0.000000	1.000000
 0.931500	0.000015	0.000000	1.000000
 0.933500	0.000014	0.000000	1.000000
 0.935500	0.000013	0.000000	1.000000
 0.937500	0.000013	0.000000	1.000000
 0.939500	0.000012	0.000000	1.000000
 0.941500	0.000012	0.000000	1.000000
 0.943500	0.000011	0.000000	1.000000
 0.945500	0.000010	0.000000	1.000000
 0.947500	0.000010	0.000000	1.000000
 0.949500	0.000009	0.000000	1.000000
 0.951500	0.000009	0.000000	1.000000
 0.953500	0.000008	0.000000	1.000000
 0.955500	0.000008	0.000000	1.000000
 0.957500	0.000008	0.000000	1.000000
 0.959500	0.000007	0.000000	1.000000
 0.961